1 525.25
1 447.25
1 446.50
1 330.00
1 404.75
1 380.50
1 372.25
1 405.00
1 376.00
1 396.25
1 399.25
1 387.25
1 379.00
1 378.00
1 376.86
1 377.25
1 406.75
1 401.75
1 407.25
1 362.57
1 400.50
1 371.00
1 404.00
1 376.75
1 386.25
1 383.25
1 374.25
1 378.25
1 383.50
1 406.00
1 385.50
1 395.50
1 405.75
1 377.50
1 410.25
1 382.50
1 382.00
1 406.75
1 405.00
1 387.25
1 412.00
1 408.25
1 403.00
1 401.75
1 417.25
1 401.25
1 414.25
1 385.50
1 389.00
1 381.75
1 384.50
1 408.00
1 408.00
1 406.25
1 396.00
1 390.75
1 394.50
1 439.86
1 446.50
1 462.75
1 583.00
1 508.75
1 578.00
1 437.50
1 395.25
1 427.75
1 432.00
1 389.00
1 421.75
1 415.75
1 412.75
1 390.75
1 385.50
1 417.25
1 444.75
1 387.00
1 408.00
1 403.50
1 375.50
1 385.14
1 369.50
1 403.75
1 407.00
1 400.75
1 375.50
1 395.00
1 404.25
1 406.00
1 429.75
1 415.00
1 425.50
1 428.00
1 434.25
1 412.75
1 401.25
1 418.50
1 383.75
1 390.50
1 397.25
1 384.50
